runfile('/Users/avnishsinghhh/Desktop/eight_queens_puzzle.py', wdir='/Users/avnishsinghhh/Desktop')
Generation: 1 Parent1: [1, 7, 4, 6, 3, 5, 2, 5] Parent2: [1, 3, 7, 2, 6, 1, 2, 5] Child1: [6, 3, 4, 0, 7, 1, 2, 5] Child2: [1, 0, 3, 6, 7, 5, 2, 4]
Generation: 2 Parent1: [1, 7, 4, 6, 3, 5, 2, 5] Parent2: [1, 3, 7, 2, 6, 1, 2, 5] Child1: [3, 7, 5, 6, 0, 1, 2, 4] Child2: [2, 6, 7, 4, 3, 0, 5, 1]
Generation: 3 Parent1: [1, 7, 4, 6, 3, 5, 2, 5] Parent2: [1, 3, 7, 2, 6, 1, 2, 5] Child1: [3, 6, 4, 7, 0, 1, 2, 5] Child2: [3, 4, 7, 6, 1, 2, 0, 5]
Generation: 4 Parent1: [1, 7, 4, 6, 3, 5, 2, 5] Parent2: [1, 3, 7, 2, 6, 1, 2, 5] Child1: [0, 7, 6, 3, 5, 1, 2, 4] Child2: [1, 2, 6, 0, 3, 4, 7, 5]
Generation: 5 Parent1: [1, 7, 4, 6, 3, 5, 2, 5] Parent2: [1, 3, 7, 2, 6, 1, 2, 5] Child1: [0, 7, 1, 6, 3, 4, 2, 5] Child2: [1, 7, 5, 0, 3, 4, 2, 6]
Generation: 6 Parent1: [1, 7, 4, 6, 3, 5, 2, 5] Parent2: [1, 3, 7, 2, 6, 1, 2, 5] Child1: [0, 7, 1, 3, 6, 4, 2, 5] Child2: [6, 4, 7, 0, 3, 1, 2, 5]
Generation: 7 Parent1: [1, 7, 4, 6, 3, 5, 2, 5] Parent2: [6, 4, 7, 0, 3, 1, 2, 5] Child1: [6, 3, 4, 0, 7, 1, 2, 5] Child2: [5, 0, 7, 4, 3, 1, 2, 6]
Generation: 8 Parent1: [1, 7, 4, 6, 3, 5, 2, 5] Parent2: [6, 4, 7, 0, 3, 1, 2, 5] Child1: [0, 6, 7, 4, 3, 1, 2, 5] Child2: [6, 4, 5, 0, 3, 1, 7, 2]
Generation: 9 Parent1: [1, 7, 4, 6, 3, 5, 2, 5] Parent2: [6, 4, 7, 0, 3, 1, 2, 5] Child1: [6, 7, 4, 1, 3, 0, 2, 5] Child2: [6, 4, 7, 2, 0, 1, 3, 5]
Generation: 10 Parent1: [1, 7, 4, 6, 3, 5, 2, 5] Parent2: [6, 4, 7, 0, 3, 1, 2, 5] Child1: [0, 2, 4, 7, 3, 1, 6, 5] Child2: [6, 4, 1, 0, 3, 7, 5, 2]
Generation: 11 Parent1: [1, 7, 4, 6, 3, 5, 2, 5] Parent2: [6, 4, 7, 0, 3, 1, 2, 5] Child1: [0, 7, 4, 6, 5, 3, 2, 1] Child2: [6, 4, 2, 0, 3, 1, 7, 5]
Generation: 12 Parent1: [6, 4, 2, 0, 3, 1, 7, 5] Parent2: [1, 7, 4, 6, 3, 5, 2, 5] Child1: [6, 4, 1, 0, 3, 7, 2, 5] Child2: [0, 2, 1, 6, 3, 5, 7, 4]
Generation: 13 Parent1: [6, 4, 2, 0, 3, 1, 7, 5] Parent2: [1, 7, 4, 6, 3, 5, 2, 5] Child1: [4, 6, 7, 1, 3, 0, 2, 5] Child2: [0, 2, 3, 6, 4, 1, 7, 5]
Generation: 14 Parent1: [6, 4, 2, 0, 3, 1, 7, 5] Parent2: [1, 7, 4, 6, 3, 5, 2, 5] Child1: [0, 3, 1, 6, 4, 7, 2, 5] Child2: [2, 0, 4, 6, 7, 1, 5, 3]
Generation: 15 Parent1: [6, 4, 2, 0, 3, 1, 7, 5] Parent2: [1, 7, 4, 6, 3, 5, 2, 5] Child1: [5, 4, 7, 2, 3, 1, 0, 6] Child2: [4, 0, 2, 6, 7, 1, 3, 5]
Generation: 16 Parent1: [6, 4, 2, 0, 3, 1, 7, 5] Parent2: [1, 7, 4, 6, 3, 5, 2, 5] Child1: [6, 4, 2, 0, 3, 7, 5, 1] Child2: [2, 0, 4, 5, 3, 1, 7, 6]
Generation: 17 Parent1: [6, 4, 2, 0, 3, 1, 7, 5] Parent2: [6, 4, 2, 0, 3, 7, 5, 1] Child1: [6, 1, 2, 0, 3, 4, 5, 7] Child2: [6, 1, 2, 0, 3, 4, 5, 7]
Generation: 18 Parent1: [6, 4, 2, 0, 3, 1, 7, 5] Parent2: [6, 4, 2, 0, 3, 7, 5, 1] Child1: [6, 4, 3, 0, 2, 7, 5, 1] Child2: [6, 4, 2, 5, 0, 1, 7, 3]
Generation: 19 Parent1: [6, 4, 2, 0, 3, 1, 7, 5] Parent2: [6, 4, 2, 0, 3, 7, 5, 1] Child1: [1, 4, 2, 0, 5, 7, 3, 6] Child2: [0, 4, 2, 5, 3, 1, 7, 6]
Generation: 20 Parent1: [6, 4, 2, 0, 3, 1, 7, 5] Parent2: [6, 4, 2, 0, 3, 7, 5, 1] Child1: [6, 4, 1, 0, 3, 2, 5, 7] Child2: [6, 4, 7, 5, 3, 1, 2, 0]
Generation: 21 Parent1: [6, 4, 2, 0, 3, 1, 7, 5] Parent2: [6, 4, 2, 0, 3, 7, 5, 1] Child1: [1, 4, 2, 0, 3, 7, 5, 6] Child2: [6, 3, 4, 0, 2, 1, 7, 5]
Generation: 22 Parent1: [6, 4, 2, 0, 3, 1, 7, 5] Parent2: [6, 4, 2, 0, 3, 7, 5, 1] Child1: [0, 7, 2, 6, 3, 4, 5, 1] Child2: [5, 6, 2, 0, 3, 1, 7, 4]
Generation: 23 Parent1: [6, 4, 2, 0, 3, 1, 7, 5] Parent2: [6, 4, 2, 0, 3, 7, 5, 1] Child1: [7, 4, 1, 0, 3, 6, 5, 2] Child2: [1, 4, 0, 2, 3, 6, 7, 5]
Generation: 24 Parent1: [6, 4, 2, 0, 3, 1, 7, 5] Parent2: [6, 4, 2, 0, 3, 7, 5, 1] Child1: [6, 4, 2, 0, 1, 7, 3, 5] Child2: [4, 6, 2, 0, 7, 1, 3, 5]
Generation: 25 Parent1: [6, 4, 2, 0, 3, 1, 7, 5] Parent2: [6, 4, 2, 0, 3, 7, 5, 1] Child1: [0, 5, 2, 6, 3, 7, 4, 1] Child2: [6, 4, 0, 2, 3, 1, 7, 5]
Generation: 26 Parent1: [6, 4, 2, 0, 3, 1, 7, 5] Parent2: [6, 4, 2, 0, 3, 7, 5, 1] Child1: [6, 4, 7, 0, 1, 2, 5, 3] Child2: [6, 4, 0, 2, 3, 5, 7, 1]
Generation: 27 Parent1: [6, 4, 2, 0, 3, 1, 7, 5] Parent2: [6, 4, 2, 0, 3, 7, 5, 1] Child1: [6, 4, 2, 7, 3, 5, 0, 1] Child2: [6, 4, 2, 0, 3, 1, 5, 7]
Generation: 28 Parent1: [6, 4, 2, 0, 3, 1, 7, 5] Parent2: [6, 4, 2, 0, 3, 7, 5, 1] Child1: [6, 0, 2, 4, 1, 7, 5, 3] Child2: [6, 1, 7, 0, 3, 4, 2, 5]
Generation: 29 Parent1: [6, 4, 2, 0, 3, 1, 7, 5] Parent2: [6, 4, 2, 0, 3, 7, 5, 1] Child1: [3, 4, 2, 1, 6, 7, 5, 0] Child2: [6, 4, 2, 0, 1, 5, 7, 3]
Generation: 30 Parent1: [6, 4, 2, 0, 3, 1, 7, 5] Parent2: [6, 4, 2, 0, 3, 7, 5, 1] Child1: [6, 4, 5, 0, 3, 7, 1, 2] Child2: [6, 7, 3, 0, 2, 1, 4, 5]
Generation: 31 Parent1: [6, 4, 2, 0, 3, 1, 7, 5] Parent2: [6, 4, 2, 0, 3, 7, 5, 1] Child1: [6, 4, 7, 0, 3, 2, 1, 5] Child2: [6, 4, 2, 0, 3, 1, 7, 5]
Generation: 32 Parent1: [6, 4, 2, 0, 3, 1, 7, 5] Parent2: [6, 4, 2, 0, 3, 7, 5, 1] Child1: [6, 4, 2, 5, 3, 7, 1, 0] Child2: [5, 4, 2, 0, 3, 1, 6, 7]
Generation: 33 Parent1: [6, 4, 2, 0, 3, 1, 7, 5] Parent2: [6, 4, 2, 0, 3, 7, 5, 1] Child1: [0, 4, 2, 6, 3, 7, 5, 1] Child2: [6, 4, 2, 7, 3, 1, 0, 5]
Generation: 34 Parent1: [6, 4, 2, 0, 3, 1, 7, 5] Parent2: [6, 4, 2, 0, 3, 7, 5, 1] Child1: [6, 4, 5, 7, 3, 0, 2, 1] Child2: [6, 4, 2, 1, 3, 0, 7, 5]
Generation: 35 Parent1: [6, 4, 2, 0, 3, 1, 7, 5] Parent2: [6, 4, 2, 0, 3, 7, 5, 1] Child1: [6, 2, 4, 0, 1, 7, 5, 3] Child2: [7, 1, 2, 0, 3, 4, 6, 5]
Generation: 36 Parent1: [6, 4, 2, 0, 3, 1, 7, 5] Parent2: [6, 4, 2, 0, 3, 7, 5, 1] Child1: [6, 0, 4, 2, 3, 7, 5, 1] Child2: [6, 4, 2, 0, 3, 1, 7, 5]
Generation: 37 Parent1: [6, 4, 2, 0, 3, 1, 7, 5] Parent2: [6, 4, 2, 0, 3, 7, 5, 1] Child1: [6, 2, 4, 0, 7, 3, 5, 1] Child2: [6, 4, 1, 0, 3, 7, 2, 5]
Generation: 38 Parent1: [6, 4, 2, 0, 3, 1, 7, 5] Parent2: [6, 4, 2, 0, 3, 7, 5, 1] Child1: [3, 4, 2, 0, 6, 7, 5, 1] Child2: [6, 4, 2, 0, 3, 1, 7, 5]
Generation: 39 Parent1: [6, 4, 2, 0, 3, 1, 7, 5] Parent2: [6, 4, 2, 0, 3, 7, 5, 1] Child1: [6, 2, 4, 0, 1, 7, 5, 3] Child2: [4, 6, 2, 0, 3, 1, 7, 5]
Generation: 40 Parent1: [6, 4, 2, 0, 3, 1, 7, 5] Parent2: [6, 4, 2, 0, 3, 7, 5, 1] Child1: [2, 3, 6, 0, 4, 7, 5, 1] Child2: [6, 1, 5, 0, 3, 4, 7, 2]
Generation: 41 Parent1: [6, 4, 2, 0, 3, 1, 7, 5] Parent2: [6, 4, 2, 0, 3, 7, 5, 1] Child1: [6, 3, 2, 4, 0, 7, 5, 1] Child2: [6, 4, 1, 0, 3, 7, 2, 5]
Generation: 42 Parent1: [6, 4, 2, 0, 3, 1, 7, 5] Parent2: [6, 4, 2, 0, 3, 7, 5, 1] Child1: [4, 6, 2, 0, 3, 7, 5, 1] Child2: [6, 0, 5, 4, 3, 1, 7, 2]
Generation: 43 Parent1: [6, 4, 2, 0, 3, 1, 7, 5] Parent2: [6, 4, 2, 0, 3, 7, 5, 1] Child1: [4, 6, 2, 3, 0, 7, 5, 1] Child2: [0, 4, 2, 7, 3, 1, 6, 5]
Generation: 44 Parent1: [6, 4, 2, 0, 3, 1, 7, 5] Parent2: [6, 4, 2, 0, 3, 7, 5, 1] Child1: [6, 0, 2, 1, 3, 7, 5, 4] Child2: [6, 0, 2, 4, 3, 1, 7, 5]
Generation: 45 Parent1: [6, 4, 2, 0, 3, 1, 7, 5] Parent2: [6, 4, 2, 0, 3, 7, 5, 1] Child1: [1, 4, 6, 0, 3, 7, 5, 2] Child2: [7, 4, 3, 0, 2, 1, 6, 5]
Generation: 46 Parent1: [6, 4, 2, 0, 3, 1, 7, 5] Parent2: [6, 4, 2, 0, 3, 7, 5, 1] Child1: [1, 4, 2, 0, 3, 6, 5, 7] Child2: [6, 4, 7, 2, 3, 1, 0, 5]
Generation: 47 Parent1: [6, 4, 2, 0, 3, 1, 7, 5] Parent2: [6, 4, 2, 0, 3, 7, 5, 1] Child1: [4, 6, 2, 3, 0, 7, 5, 1] Child2: [6, 1, 2, 0, 3, 4, 7, 5]
Generation: 48 Parent1: [6, 4, 2, 0, 3, 1, 7, 5] Parent2: [6, 4, 2, 0, 3, 7, 5, 1] Child1: [6, 0, 2, 1, 3, 7, 5, 4] Child2: [6, 5, 0, 2, 3, 1, 7, 4]
Generation: 49 Parent1: [6, 4, 2, 0, 3, 1, 7, 5] Parent2: [6, 4, 2, 0, 3, 7, 5, 1] Child1: [1, 4, 2, 7, 3, 0, 5, 6] Child2: [6, 4, 0, 2, 1, 3, 7, 5]
Generation: 50 Parent1: [6, 4, 2, 0, 3, 1, 7, 5] Parent2: [6, 4, 2, 0, 3, 7, 5, 1] Child1: [6, 5, 2, 0, 3, 7, 1, 4] Child2: [5, 4, 1, 0, 3, 2, 7, 6]
Generation: 51 Parent1: [6, 4, 2, 0, 3, 1, 7, 5] Parent2: [6, 4, 2, 0, 3, 7, 5, 1] Child1: [6, 0, 2, 1, 3, 7, 5, 4] Child2: [6, 5, 2, 0, 3, 7, 1, 4]
Generation: 52 Parent1: [6, 4, 2, 0, 3, 1, 7, 5] Parent2: [6, 4, 2, 0, 3, 7, 5, 1] Child1: [2, 4, 3, 0, 6, 7, 5, 1] Child2: [2, 4, 6, 0, 5, 1, 7, 3]
Generation: 53 Parent1: [6, 4, 2, 0, 3, 1, 7, 5] Parent2: [6, 4, 2, 0, 3, 7, 5, 1] Child1: [3, 4, 2, 0, 6, 7, 5, 1] Child2: [6, 4, 2, 0, 3, 1, 7, 5]
Generation: 54 Parent1: [6, 4, 2, 0, 3, 1, 7, 5] Parent2: [6, 4, 2, 0, 3, 7, 5, 1] Child1: [7, 4, 2, 0, 6, 3, 5, 1] Child2: [0, 4, 2, 6, 3, 1, 7, 5]
Generation: 55 Parent1: [6, 4, 2, 0, 3, 1, 7, 5] Parent2: [6, 4, 2, 0, 3, 7, 5, 1] Child1: [6, 4, 1, 0, 3, 7, 5, 2] Child2: [6, 7, 2, 0, 5, 1, 4, 3]
Generation: 56 Parent1: [6, 4, 2, 0, 3, 1, 7, 5] Parent2: [6, 4, 2, 0, 3, 7, 5, 1] Child1: [2, 4, 6, 7, 3, 0, 5, 1] Child2: [6, 1, 2, 7, 3, 4, 0, 5]
Generation: 57 Parent1: [6, 4, 2, 0, 3, 1, 7, 5] Parent2: [6, 4, 2, 0, 3, 7, 5, 1] Child1: [6, 4, 2, 0, 5, 7, 1, 3] Child2: [6, 4, 2, 3, 7, 1, 0, 5]
Generation: 58 Parent1: [6, 4, 2, 0, 5, 7, 1, 3] Parent2: [6, 4, 2, 0, 3, 1, 7, 5] Child1: [6, 4, 2, 3, 1, 0, 7, 5] Child2: [6, 4, 2, 5, 1, 7, 0, 3]

****************************************
Search Result:  [6, 4, 2, 0, 5, 7, 1, 3]
****************************************

    0   1   2   3   4   5   6   7
  + - + - + - + - + - + - + - + - +
0 |   |   |   | X |   |   |   |   |
  + - + - + - + - + - + - + - + - +
1 |   |   |   |   |   |   | X |   |
  + - + - + - + - + - + - + - + - +
2 |   |   | X |   |   |   |   |   |
  + - + - + - + - + - + - + - + - +
3 |   |   |   |   |   |   |   | X |
  + - + - + - + - + - + - + - + - +
4 |   | X |   |   |   |   |   |   |
  + - + - + - + - + - + - + - + - +
5 |   |   |   |   | X |   |   |   |
  + - + - + - + - + - + - + - + - +
6 | X |   |   |   |   |   |   |   |
  + - + - + - + - + - + - + - + - +
7 |   |   |   |   |   | X |   |   |
  + - + - + - + - + - + - + - + - +

 [6, 4, 2, 0, 5, 7, 1, 3]
